{
  "nbformat": 4,
  "nbformat_minor": 0,
  "metadata": {
    "celltoolbar": "Create Assignment",
    "kernelspec": {
      "display_name": "Python 3",
      "language": "python",
      "name": "python3"
    },
    "language_info": {
      "codemirror_mode": {
        "name": "ipython",
        "version": 3
      },
      "file_extension": ".py",
      "mimetype": "text/x-python",
      "name": "python",
      "nbconvert_exporter": "python",
      "pygments_lexer": "ipython3",
      "version": "3.7.6"
    },
    "toc": {
      "base_numbering": 1,
      "nav_menu": {},
      "number_sections": true,
      "sideBar": true,
      "skip_h1_title": false,
      "title_cell": "Table of Contents",
      "title_sidebar": "Contents",
      "toc_cell": false,
      "toc_position": {},
      "toc_section_display": true,
      "toc_window_display": false
    },
    "colab": {
      "name": "QRLU.ipynb",
      "provenance": [],
      "collapsed_sections": []
    }
  },
  "cells": [
    {
      "cell_type": "markdown",
      "metadata": {
        "deletable": true,
        "editable": true,
        "nbgrader": {
          "grade": false,
          "grade_id": "cell-8c1f707ec75db50b",
          "locked": true,
          "schema_version": 2,
          "solution": false
        },
        "id": "DgeOQZXDWLsX"
      },
      "source": [
        "Не забываем загрузить библиотеки:"
      ]
    },
    {
      "cell_type": "code",
      "metadata": {
        "collapsed": true,
        "deletable": true,
        "editable": true,
        "jupyter": {
          "outputs_hidden": true
        },
        "nbgrader": {
          "grade": false,
          "grade_id": "cell-853b1d54d0588609",
          "locked": true,
          "schema_version": 2,
          "solution": false
        },
        "id": "X852uR7sWLsf"
      },
      "source": [
        "# Библиотека для работы с матрицами\n",
        "import numpy as np \n",
        "\n",
        "# Алгоритмы линейной алгебры\n",
        "import scipy.linalg as sla\n",
        "\n",
        "# Библиотека для работы с разреженными матрицами\n",
        "import scipy.sparse as sps\n",
        "\n",
        "# Алгоритмы линейной алгебры для разреженных матриц\n",
        "import scipy.sparse.linalg as spla\n",
        "\n",
        "# Графическая библиотека\n",
        "import matplotlib.pyplot as plt\n",
        "\n",
        "# Позволяет отрисовывать графики и изображения прямо в ноутбуке, а не в отдельном окне. Жизненно важная вещь!\n",
        "%matplotlib inline"
      ],
      "execution_count": 2,
      "outputs": []
    },
    {
      "cell_type": "markdown",
      "metadata": {
        "id": "PXgtbADoWLsg"
      },
      "source": [
        "# Теория\n",
        "\n",
        "Информация в этой клетке с википедии, при желании — переходите по ссылкам и читайте полную версию.\n",
        "\n",
        "## [Нормы](https://ru.wikipedia.org/wiki/Норма_(математика))\n",
        "Вы знаете, что в векторном пространстве над полем вещественных или комплексных чисел есть понятие длины вектора — квадратный корень из скалярного произведения вектора на самого себя.  \n",
        "Норма обобщает понятие длины вектора. Это функционал $||\\cdot||: V \\to \\mathbb{R}_+$, обладающий следующими свойствами:\n",
        "\n",
        "1. $||x|| = 0 \\Rightarrow x = 0$;\n",
        "2. $\\forall x,y \\in V,\\ ||x+y|| \\le ||x|| + ||y||$ (неравенство треугольника);\n",
        "3. $\\forall \\alpha \\in \\mathbb{R} (\\mathbb{C})\\ \\forall x \\in V,\\ ||\\alpha x|| = |\\alpha|\\cdot ||x||$.\n",
        "\n",
        "У некоторых норм есть общепринятые названия. Когда говорят об $l_p$-норме, имеют ввиду отображение\n",
        "$$\n",
        "||\\cdot||_p: V \\to \\mathbb{R}_+,\\quad ||(x_1, \\ldots, x_n)||_p = (|x_1|^p + \\ldots + |x_n|^p)^{\\frac{1}{p}}\n",
        "$$\n",
        "\n",
        "В частности, $l_2$-норма — это длина вектора, $l_1$-норма — это сумма модулей координат, норма $l_\\infty$ равна максимуму из модулей координат.\n",
        "\n",
        "Норма матрицы — это просто её норма как вектора пространства $K^{m \\times n}$ (где $K \\in \\{\\mathbb{R}, \\mathbb{C}\\}$).  \n",
        "Есть ещё операторные нормы, которые определяются через векторную норму:\n",
        "$$\n",
        "||\\varphi|| = \\sup\\limits_{||x|| = 1} ||\\varphi(x)||.\n",
        "$$\n",
        "Нас тут интересует только то, что используя любую норму, заданную на векторах, можно определить соответствующую операторную норму, которая в свою очередь определяет матричную норму.  \n",
        "Таким образом определённая матричная норма (через норму вектора) называется согласованной с соответствующей векторной нормой.\n",
        "\n",
        "## [$LU$-разложение](https://ru.wikipedia.org/wiki/LU-разложение#Вывод_формулы)\n",
        "$LU$-разложение матрицы $A$ — это представление этой матрицы в виде произведения $A = LU$ нижнетреугольной матрицы $L$ и верхнетреугольной матрицы $U$.  \n",
        "Это разложение важно при решении линейных систем. Если вы знаете такое разложение матрицы $A$, то решение СЛУ\n",
        "$$Ax = b \\Leftrightarrow LUx = b$$\n",
        "сводится к решению двух систем\n",
        "$$Ly = b \\text{ и } Ux = y$$\n",
        "c треугольными матрицами (а значит решаемыми одним прямым или обратным проходом).\n",
        "\n",
        "## [$QR$-разложение](https://ru.wikipedia.org/wiki/QR-разложение)\n",
        "$QR$-разложение матрицы $A$ — это представление этой матрицы в виде произведения $A = QR$ ортогональной (или унитарной) матрицы $Q$ и верхнетреугольной матрицы $R$.  \n",
        "\n",
        "В силу того, что $Q^*Q = I$, при известном $QR$-разложении матрицы $A$ решение СЛУ \n",
        "$$Ax = b \\Leftrightarrow QRx = b$$\n",
        "сводится к решению системы\n",
        "$$Rx = Q^* b$$\n",
        "с треугольной матрицей."
      ]
    },
    {
      "cell_type": "markdown",
      "metadata": {
        "id": "TOOI-gvCWLsh"
      },
      "source": [
        "**Задание 0 (1 балл) (теоретическое)** Найдите (по определению или в википедии), чему равны матричные нормы $l_1$ и $l_\\infty$ и докажите полученные формулы."
      ]
    },
    {
      "cell_type": "markdown",
      "metadata": {
        "id": "zTaomug1WLsh"
      },
      "source": [
        "Матричная норма $l_1$ представляет собой максимальное из чисел, полученных при сложении всех элементов каждого столбца, взятых по модулю.\n",
        "\n",
        "$||A||_1 = \\sup\\limits_{1\\leqslant j \\leqslant n} \\sum\\limits_{i=1}^{m} |a_{ij}|$ \\\\\n",
        "\n",
        "Матричная норма $l_{\\infty}$ представляет собой максимальное из чисел, полученных при сложении всех элементов каждой строки, взятых по модулю.\n",
        "\n",
        "$||A||_{\\infty} = \\sup\\limits_{1\\leqslant i \\leqslant m} \\sum\\limits_{j=1}^{n} |a_{ij}|$\n"
      ]
    },
    {
      "cell_type": "markdown",
      "metadata": {
        "id": "zjj1YV24WLsh"
      },
      "source": [
        "Векторной $l_2$-норме соответствует так называемая спектральная норма матрицы, для матрицы $A$ равная корню из максимального собственного числа матрицы $A^*A$ (где $A^*$ это сопряжённая матрица):\n",
        "$$\n",
        "||A||_2 = \\sup\\limits_{||x||_2 = 1} ||Ax||_2 = \\sup\\limits_{(x,x)=1} \\sqrt{(Ax,Ax)} = \\sqrt{\\lambda_{max}(A^*A)}\n",
        "$$"
      ]
    },
    {
      "cell_type": "markdown",
      "metadata": {
        "deletable": true,
        "editable": true,
        "nbgrader": {
          "grade": false,
          "grade_id": "cell-e609ec7491bb3cb0",
          "locked": true,
          "schema_version": 2,
          "solution": false
        },
        "id": "HH-zTwFSWLsi"
      },
      "source": [
        "## Вычислительные особенности\n",
        "\n",
        "С точки зрения математики матричные разложения являются точными: произведение сомножителей всегда равняется исходной матрице $A$. К сожалению, на практике этому часто мешает вычислительная погрешность. \n",
        "\n",
        "Для $LU$ разложения $l_2$-норма ошибки ошибки $||\\delta A|| = ||A - LU||$ удовлетворяет следующей оценке:\n",
        "\n",
        "$$||\\delta A|| \\leqslant ||L|| \\cdot ||U|| \\cdot O(\\varepsilon_{machine})$$\n",
        "\n",
        "А нормы $L$ и $U$ могут быть совсем нехорошими."
      ]
    },
    {
      "cell_type": "markdown",
      "metadata": {
        "deletable": true,
        "editable": true,
        "nbgrader": {
          "grade": false,
          "grade_id": "cell-1fd63ca1f729d028",
          "locked": true,
          "schema_version": 2,
          "solution": false
        },
        "id": "5w4Hl4yvWLsi"
      },
      "source": [
        "**Задание 1 (1 балл)** Рассмотрим следующее LU-разложение:\n",
        "\n",
        "$$\n",
        "\\begin{pmatrix}\n",
        "10^{-20} & 1\\\\\n",
        "1 & 1\n",
        "\\end{pmatrix} = \\begin{pmatrix}\n",
        "1 & 0\\\\\n",
        "10^{20} & 1\n",
        "\\end{pmatrix}\\cdot\\begin{pmatrix}\n",
        "10^{-20} & 1\\\\\n",
        "0 & 1 - 10^{20}\n",
        "\\end{pmatrix}\n",
        "$$\n",
        "\n",
        "Перемножьте полученные матрицы $L$ и $U$. А теперь перемножьте такие же матрицы, только после всех единиц поставьте десятичные точки. Изменился ли ответ? Как вам кажется, почему?"
      ]
    },
    {
      "cell_type": "code",
      "metadata": {
        "deletable": true,
        "editable": true,
        "nbgrader": {
          "grade": true,
          "grade_id": "cell-0f110e302b60d2cb",
          "locked": false,
          "points": 1,
          "schema_version": 2,
          "solution": true
        },
        "colab": {
          "base_uri": "https://localhost:8080/"
        },
        "id": "270_BrLUWLsj",
        "outputId": "95e6b0c0-d910-413a-ddbd-3b0c736b9158"
      },
      "source": [
        "\n",
        "L = np.array([[1. , 0],[10**20, 1. ]]).reshape((2,2))\n",
        "U = np.array([[10**(-20), 1. ],[0, 1. - 10**20]]).reshape((2,2))\n",
        "A = L@U\n",
        "A\n",
        "# скорее всего, дело в том, как число представляется в питоне. \n",
        "# Когда мы поставили точку, число стало форматом флоат, а представление (именно вывод флоатов) в основном идет через экспоненциальном виде, \n",
        "# а не в десятичном. А без точки неявное преобразование (как сказано ниже) происходит внутри железа, и выводит нам в том виде, в котором мы условно задали\n",
        "# "
      ],
      "execution_count": 26,
      "outputs": [
        {
          "output_type": "execute_result",
          "data": {
            "text/plain": [
              "array([[1e-20, 1.0],\n",
              "       [1.0, 0.0]], dtype=object)"
            ]
          },
          "metadata": {
            "tags": []
          },
          "execution_count": 26
        }
      ]
    },
    {
      "cell_type": "markdown",
      "metadata": {
        "deletable": true,
        "editable": true,
        "nbgrader": {
          "grade": false,
          "grade_id": "cell-807ed398d5bc3341",
          "locked": true,
          "schema_version": 2,
          "solution": false
        },
        "id": "STLhkfcsWLsj"
      },
      "source": [
        "Отметим, что в реальных вычислениях матричные элементы почти наверняка с самого начала будут числами с плавающей точкой (а не целыми).\n",
        "\n",
        "Теперь проверьте, что будет, если вычислить QR-разложение исходной матрицы и перемножить матрицы $Q$ и $R$."
      ]
    },
    {
      "cell_type": "code",
      "metadata": {
        "deletable": true,
        "editable": true,
        "jupyter": {
          "outputs_hidden": true
        },
        "colab": {
          "base_uri": "https://localhost:8080/"
        },
        "id": "jQUhLlXNWLsj",
        "outputId": "c4d45711-c78f-48bc-ca9c-feaaf458a515"
      },
      "source": [
        "A =np.array([[10**(-20),1],[1,1]]).reshape((2,2))\n",
        "q,r = np.linalg.qr(A)\n",
        "a = q@r\n",
        "a"
      ],
      "execution_count": 24,
      "outputs": [
        {
          "output_type": "execute_result",
          "data": {
            "text/plain": [
              "array([[0., 1.],\n",
              "       [1., 1.]])"
            ]
          },
          "metadata": {
            "tags": []
          },
          "execution_count": 24
        }
      ]
    },
    {
      "cell_type": "markdown",
      "metadata": {
        "deletable": true,
        "editable": true,
        "nbgrader": {
          "grade": false,
          "grade_id": "cell-8f160da0693e7b65",
          "locked": true,
          "schema_version": 2,
          "solution": false
        },
        "id": "Pl-0K23pWLsj"
      },
      "source": [
        "**Выход: LU-разложение с выбором главного элемента (по столбцу)**\n",
        "\n",
        "Каждый раз ищем максимум в столбце и переставляем соответствующую строку наверх.\n",
        "\n",
        "$$\n",
        "\\begin{pmatrix}\n",
        "b_{11} & \\dots & b_{1i} & b_{1,i+1} & \\dots & b_{1n}\\\\\n",
        " & \\ddots & \\vdots & \\vdots & & \\vdots\\\\\n",
        " & & \\color{blue}{b_{ii}} & \\color{blue}{b_{i,i+1}} & \\dots & \\color{blue}{b_{in}} \\\\\n",
        " & & b_{i+1,i} & b_{i+1,i+1} & \\dots & b_{i+1,n}\\\\\n",
        " & & \\vdots & \\vdots &  & \\vdots \\\\\n",
        " & & \\color{green}{b_{ji}} & \\color{green}{b_{j,i+1}} & \\dots & \\color{green}{b_{jn}} \\\\\n",
        " & & \\vdots & \\vdots & & \\vdots\\\\\n",
        "\\end{pmatrix}\\longrightarrow\n",
        "\\begin{pmatrix}\n",
        "b_{11} & \\dots & b_{1i} & b_{1,i+1} & \\dots & b_{1n}\\\\\n",
        " & \\ddots & \\vdots & \\vdots & & \\vdots\\\\\n",
        " & & \\color{green}{b_{ji}} & \\color{green}{b_{j,i+1}} & \\dots & \\color{green}{b_{jn}} \\\\\n",
        " & & b_{i+1,i} & b_{i+1,i+1} & \\dots & b_{i+1,n}\\\\\n",
        " & & \\vdots & \\vdots &  & \\vdots \\\\\n",
        " & & \\color{blue}{b_{ii}} & \\color{blue}{b_{i,i+1}} & \\dots & \\color{blue}{b_{in}} \\\\\n",
        " & & \\vdots & \\vdots & & \\vdots\\\\\n",
        "\\end{pmatrix}\\longrightarrow\n",
        "$$\n",
        "$$\n",
        "\\longrightarrow\\begin{pmatrix}\n",
        "b_{11} & \\dots & b_{1i} & b_{1,i+1} & \\dots & b_{1n}\\\\\n",
        " & \\ddots & \\vdots & \\vdots & & \\vdots\\\\\n",
        " & & \\color{green}{b_{ji}} & \\color{green}{b_{j,i+1}} & \\dots & \\color{green}{b_{jn}} \\\\\n",
        " & & 0 & b'_{i+1,i+1} & \\dots & b'_{i+1,n}\\\\\n",
        " & & \\vdots & \\vdots &  & \\vdots \\\\\n",
        " & & 0 & b'_{i,i+1} & \\dots & b'_{in} \\\\\n",
        " & & \\vdots & \\vdots & & \\vdots\n",
        "\\end{pmatrix}\n",
        "$$\n",
        "\n",
        "Наибольший, а не первый ненулевой элемент столбца берётся потому, что чем больше число - тем меньшие погрешности потенциально вносит деление на него."
      ]
    },
    {
      "cell_type": "markdown",
      "metadata": {
        "deletable": true,
        "editable": true,
        "nbgrader": {
          "grade": false,
          "grade_id": "cell-b221c95bc45a770f",
          "locked": true,
          "schema_version": 2,
          "solution": false
        },
        "id": "ttie8KL_WLsk"
      },
      "source": [
        "Что при этом происходит? Перестановка строк матрицы равносильна умножению её слева на матрицу соответствующей перестановки. Таким образом, мы получаем равенство\n",
        "\n",
        "$$L_nP_nL_{n-1}P_{n-1}\\ldots L_2P_2L_1P_1 A = U\\qquad\\qquad(1)$$\n",
        "\n",
        "где $L_1,\\ldots,L_n$ - некоторые нижнетреугольные матрицы.\n",
        "\n",
        "**Вопрос:** Ну, и где здесь матрица $L$?!\n",
        "\n",
        "**Ответ:** Введём новые матрицы\n",
        "\n",
        "\\begin{align*}\n",
        "L'_n &= L_n\\\\\n",
        "L'_{n-1} &= P_nL_nP_{n-1}\\\\\n",
        "L'_{n-2} &= P_nP_{n-1}L_{n-1}P_n^{-1}P_{n-1}^{-1}\\\\\n",
        "&\\ldots\\\\\n",
        "L'_1 &= P_nP_{n-1}\\ldots P_2L_1P_2^{-1}\\ldots P_{n-1}^{-1}P_n^{-1}\n",
        "\\end{align*}\n",
        "\n",
        "**Упражнение.** Матрицы $L'_i$ тоже нижнетреугольные!\n",
        "\n",
        "Тогда левая часть (1) перепишется в виде\n",
        "\n",
        "$$\\underbrace{L'_nL'_{n-1}\\ldots L'_1}_{:=L^{-1}}\\underbrace{P_nP_{n-1}\\ldots P_1}_{:=P^{-1}}\\cdot A$$"
      ]
    },
    {
      "cell_type": "markdown",
      "metadata": {
        "deletable": true,
        "editable": true,
        "nbgrader": {
          "grade": false,
          "grade_id": "cell-a234642d4586c306",
          "locked": true,
          "schema_version": 2,
          "solution": false
        },
        "id": "LyYcDnbsWLsk"
      },
      "source": [
        "**Итог:** разложение вида\n",
        "$$A = PLU$$\n",
        "где $P$ - матрица перестановки.\n",
        "\n",
        "Функция `scipy.linalg.lu` в Питоне находит именно такое разложение!\n",
        "\n",
        "Все элементы $L$ не превосходят $1$, так что $||L|| \\leqslant 1$. При этом\n",
        "$$||\\Delta A|| \\leqslant ||A||\\cdot O(\\rho \\varepsilon_{machine}),$$\n",
        "где\n",
        "$$\\rho = \\frac{\\max_{i,j}|u_{ij}|}{\\max_{i,j}|a_{ij}|}$$\n",
        "Это число называется *фактором роста матрицы*.\n",
        "\n",
        "Но что, если это отношение велико?"
      ]
    },
    {
      "cell_type": "markdown",
      "metadata": {
        "deletable": true,
        "editable": true,
        "nbgrader": {
          "grade": false,
          "grade_id": "cell-03ca09cdd63fe083",
          "locked": true,
          "schema_version": 2,
          "solution": false
        },
        "id": "_Lo96EnQWLsl"
      },
      "source": [
        "**Задание 2 (1 балл)** Сгенерируйте матрицу $500\\times500$, имеющую вид\n",
        "\n",
        "$$\n",
        "\\begin{pmatrix}\n",
        "1 & 0 & 0 & \\cdots & 0 & 0 & 1\\\\\n",
        "-1 & 1 & 0 &  &  & 0 & 1\\\\\n",
        "-1 & -1 & 1 & 0  &  & 0 & 1\\\\\n",
        "\\vdots & & \\ddots & \\ddots  & \\ddots & \\vdots & \\vdots \\\\\n",
        "-1 & -1 & -1 & \\ddots & 1 & 0 & 1\\\\\n",
        "-1 & -1 & -1 &  & -1 & 1 & 1\\\\\n",
        "-1 & -1 & -1 & \\cdots & -1 & -1 & 1\n",
        "\\end{pmatrix}\n",
        "$$\n",
        "\n",
        "Например, сгенерировать сначала нулевую матрицу нужного размера, а потом заполнить её клетки правильными числами.\n",
        "\n",
        "Найдите её PLU-разложение и QR-разложение. Убедитесь, что $P = E$. Вычислите $||A - LU||_2$ и $||A - QR||_2$. Чему равен фактор роста матрицы $A$? Сделайте вывод об устойчивости (или не устойчивости) нахождения PLU-разложения."
      ]
    },
    {
      "cell_type": "code",
      "metadata": {
        "collapsed": true,
        "deletable": true,
        "editable": true,
        "jupyter": {
          "outputs_hidden": true
        },
        "nbgrader": {
          "grade": true,
          "grade_id": "cell-71de5e58b22a5fe9",
          "locked": false,
          "points": 1,
          "schema_version": 2,
          "solution": true
        },
        "colab": {
          "base_uri": "https://localhost:8080/"
        },
        "id": "LHwFcj0AWLsl",
        "outputId": "5235f28f-888b-4d30-93e6-ff48ffd88b5c"
      },
      "source": [
        "b=np.zeros((500,500))\n",
        "size = 500\n",
        "for i in range(0,size):\n",
        "  x = np.arange(0,-i+size)\n",
        "  y = +x + i\n",
        "  b[x,y] =-1\n",
        "b=b.transpose()\n",
        "np.fill_diagonal(b,1)\n",
        "b[:,499]=1\n",
        "p,l,u=sla.lu(b)# ну тут да, Р единичной оказалась\n",
        "q,r=sla.qr(b)#а тут страшное получилось\n",
        "# а сейчас смешно, что в примере фигурирует матрица А, а у меня б\n",
        "div_lu = b - np.dot(l,u)\n",
        "div_qr = b - np.dot(q,r)\n",
        "norm_lu=sla.norm(div_lu,ord=2)\n",
        "norm_qr=sla.norm(div_qr,ord=2)\n",
        "h=np.fabs(b).max()\n",
        "ro=np.fabs(u).max()/h# что-то много получилось... видимо ПЛУ разложение матриц больших размеров неустойчивое\n",
        "ro"
      ],
      "execution_count": 15,
      "outputs": [
        {
          "output_type": "execute_result",
          "data": {
            "text/plain": [
              "1.636695303948071e+150"
            ]
          },
          "metadata": {
            "tags": []
          },
          "execution_count": 15
        }
      ]
    },
    {
      "cell_type": "markdown",
      "metadata": {
        "deletable": true,
        "editable": true,
        "nbgrader": {
          "grade": false,
          "grade_id": "cell-15de45063c3828be",
          "locked": true,
          "schema_version": 2,
          "solution": false
        },
        "id": "9a6j8QCBWLsm"
      },
      "source": [
        "К счастью, на практике так редко бывает (чёрт его знает почему). Тем не менее, QR-разложение всё-таки лучше. Теоретическая оценка для ошибки QR-разложения имеет вид\n",
        "\n",
        "$$||A - QR||_2 \\leqslant ||A||_2\\cdot O(\\varepsilon_{machine})$$"
      ]
    },
    {
      "cell_type": "markdown",
      "metadata": {
        "deletable": true,
        "editable": true,
        "nbgrader": {
          "grade": false,
          "grade_id": "cell-99d91b250c3029a1",
          "locked": true,
          "schema_version": 2,
          "solution": false
        },
        "id": "l3o-M1MRWLsm"
      },
      "source": [
        "**Задание 3 (1 балл)** Рассмотрим *матрицу Паскаля* $S_n = \\left(C_{i + j}^i\\right)$ ($i,j = 0,\\ldots,n-1$).\n",
        "\n",
        "Каково её LU-разложение? Выведите формулы для матриц L и U и приведите краткое обоснование прямо в ноутбуке. Не пользуйтесь функцией `scipy.linalg.lu`, чтобы его \"угадать\": матрица P будет отлична от единичной, и вы получите не то, что хотели.\n",
        "\n",
        "Каков её определитель? Обязательно обоснуйте ответ."
      ]
    },
    {
      "cell_type": "markdown",
      "metadata": {
        "deletable": true,
        "editable": true,
        "nbgrader": {
          "grade": false,
          "grade_id": "cell-3a0e90616c199cdd",
          "locked": true,
          "schema_version": 2,
          "solution": false
        },
        "id": "FKsqz4YjWLsm"
      },
      "source": [
        "Напишите функцию `my_pascal(n)`, генерирующую матрицу Паскаля размера $n\\times n$."
      ]
    },
    {
      "cell_type": "code",
      "metadata": {
        "collapsed": true,
        "deletable": true,
        "editable": true,
        "jupyter": {
          "outputs_hidden": true
        },
        "colab": {
          "base_uri": "https://localhost:8080/"
        },
        "id": "QLkiVmt-WLsn",
        "outputId": "648838dd-add0-4951-bfcd-bb329b965efa"
      },
      "source": [
        "def my_pascal(n):\n",
        "  matr=np.zeros((n,n))    \n",
        "  for i in range(n):\n",
        "      matr[i][0]=1\n",
        "  for j in range(n):\n",
        "      matr[0][j]=1 \n",
        "  for i in range(1,n):\n",
        "      for j in range(1,n):\n",
        "        matr[i][j]=matr[i-1][j]+matr[i][j-1]\n",
        "  return matr\n",
        "    \n",
        "def luDecomposition(mat, n):\n",
        "  lower = [[0 for x in range(n)]for y in range(n)]\n",
        "  upper = [[0 for x in range(n)]for y in range(n)]\n",
        "  for i in range(n):\n",
        "    for k in range(i, n):\n",
        "      sum = 0\n",
        "      for j in range(i):\n",
        "        sum += (lower[i][j] * upper[j][k])\n",
        "      upper[i][k] = mat[i][k] - sum\n",
        "      for k in range(i, n):\n",
        "        if (i == k):\n",
        "          lower[i][i] = 1\n",
        "        else:\n",
        "          sum = 0\n",
        "          for j in range(i):\n",
        "            sum += (lower[k][j] * upper[j][i])\n",
        "          lower[k][i] = int((mat[k][i] - sum)/upper[i][i])\n",
        "  return lower,upper\n",
        "matr=np.array(my_pascal(6))\n",
        "matr"
      ],
      "execution_count": 16,
      "outputs": [
        {
          "output_type": "execute_result",
          "data": {
            "text/plain": [
              "array([[  1.,   1.,   1.,   1.,   1.,   1.],\n",
              "       [  1.,   2.,   3.,   4.,   5.,   6.],\n",
              "       [  1.,   3.,   6.,  10.,  15.,  21.],\n",
              "       [  1.,   4.,  10.,  20.,  35.,  56.],\n",
              "       [  1.,   5.,  15.,  35.,  70., 126.],\n",
              "       [  1.,   6.,  21.,  56., 126., 252.]])"
            ]
          },
          "metadata": {
            "tags": []
          },
          "execution_count": 16
        }
      ]
    },
    {
      "cell_type": "markdown",
      "metadata": {
        "deletable": true,
        "editable": true,
        "nbgrader": {
          "grade": false,
          "grade_id": "cell-56cd8e8126f36e08",
          "locked": true,
          "schema_version": 2,
          "solution": false
        },
        "id": "GpPrDv9DWLsn"
      },
      "source": [
        "Найдите норму разности $||A - PLU||_2$. Не такая уж и большая, правда?"
      ]
    },
    {
      "cell_type": "code",
      "metadata": {
        "collapsed": true,
        "deletable": true,
        "editable": true,
        "jupyter": {
          "outputs_hidden": true
        },
        "id": "55VdHa3_WLso",
        "colab": {
          "base_uri": "https://localhost:8080/"
        },
        "outputId": "c5f20d9e-e5e0-40cf-82db-eebb56a70eaa"
      },
      "source": [
        "A = my_pascal(30)\n",
        "p,l,u=sla.lu(A)\n",
        "norm_plu=sla.norm(A-p@l@u,ord=2)\n",
        "A"
      ],
      "execution_count": 23,
      "outputs": [
        {
          "output_type": "execute_result",
          "data": {
            "text/plain": [
              "array([[1.00000000e+00, 1.00000000e+00, 1.00000000e+00, 1.00000000e+00,\n",
              "        1.00000000e+00, 1.00000000e+00, 1.00000000e+00, 1.00000000e+00,\n",
              "        1.00000000e+00, 1.00000000e+00, 1.00000000e+00, 1.00000000e+00,\n",
              "        1.00000000e+00, 1.00000000e+00, 1.00000000e+00, 1.00000000e+00,\n",
              "        1.00000000e+00, 1.00000000e+00, 1.00000000e+00, 1.00000000e+00,\n",
              "        1.00000000e+00, 1.00000000e+00, 1.00000000e+00, 1.00000000e+00,\n",
              "        1.00000000e+00, 1.00000000e+00, 1.00000000e+00, 1.00000000e+00,\n",
              "        1.00000000e+00, 1.00000000e+00],\n",
              "       [1.00000000e+00, 2.00000000e+00, 3.00000000e+00, 4.00000000e+00,\n",
              "        5.00000000e+00, 6.00000000e+00, 7.00000000e+00, 8.00000000e+00,\n",
              "        9.00000000e+00, 1.00000000e+01, 1.10000000e+01, 1.20000000e+01,\n",
              "        1.30000000e+01, 1.40000000e+01, 1.50000000e+01, 1.60000000e+01,\n",
              "        1.70000000e+01, 1.80000000e+01, 1.90000000e+01, 2.00000000e+01,\n",
              "        2.10000000e+01, 2.20000000e+01, 2.30000000e+01, 2.40000000e+01,\n",
              "        2.50000000e+01, 2.60000000e+01, 2.70000000e+01, 2.80000000e+01,\n",
              "        2.90000000e+01, 3.00000000e+01],\n",
              "       [1.00000000e+00, 3.00000000e+00, 6.00000000e+00, 1.00000000e+01,\n",
              "        1.50000000e+01, 2.10000000e+01, 2.80000000e+01, 3.60000000e+01,\n",
              "        4.50000000e+01, 5.50000000e+01, 6.60000000e+01, 7.80000000e+01,\n",
              "        9.10000000e+01, 1.05000000e+02, 1.20000000e+02, 1.36000000e+02,\n",
              "        1.53000000e+02, 1.71000000e+02, 1.90000000e+02, 2.10000000e+02,\n",
              "        2.31000000e+02, 2.53000000e+02, 2.76000000e+02, 3.00000000e+02,\n",
              "        3.25000000e+02, 3.51000000e+02, 3.78000000e+02, 4.06000000e+02,\n",
              "        4.35000000e+02, 4.65000000e+02],\n",
              "       [1.00000000e+00, 4.00000000e+00, 1.00000000e+01, 2.00000000e+01,\n",
              "        3.50000000e+01, 5.60000000e+01, 8.40000000e+01, 1.20000000e+02,\n",
              "        1.65000000e+02, 2.20000000e+02, 2.86000000e+02, 3.64000000e+02,\n",
              "        4.55000000e+02, 5.60000000e+02, 6.80000000e+02, 8.16000000e+02,\n",
              "        9.69000000e+02, 1.14000000e+03, 1.33000000e+03, 1.54000000e+03,\n",
              "        1.77100000e+03, 2.02400000e+03, 2.30000000e+03, 2.60000000e+03,\n",
              "        2.92500000e+03, 3.27600000e+03, 3.65400000e+03, 4.06000000e+03,\n",
              "        4.49500000e+03, 4.96000000e+03],\n",
              "       [1.00000000e+00, 5.00000000e+00, 1.50000000e+01, 3.50000000e+01,\n",
              "        7.00000000e+01, 1.26000000e+02, 2.10000000e+02, 3.30000000e+02,\n",
              "        4.95000000e+02, 7.15000000e+02, 1.00100000e+03, 1.36500000e+03,\n",
              "        1.82000000e+03, 2.38000000e+03, 3.06000000e+03, 3.87600000e+03,\n",
              "        4.84500000e+03, 5.98500000e+03, 7.31500000e+03, 8.85500000e+03,\n",
              "        1.06260000e+04, 1.26500000e+04, 1.49500000e+04, 1.75500000e+04,\n",
              "        2.04750000e+04, 2.37510000e+04, 2.74050000e+04, 3.14650000e+04,\n",
              "        3.59600000e+04, 4.09200000e+04],\n",
              "       [1.00000000e+00, 6.00000000e+00, 2.10000000e+01, 5.60000000e+01,\n",
              "        1.26000000e+02, 2.52000000e+02, 4.62000000e+02, 7.92000000e+02,\n",
              "        1.28700000e+03, 2.00200000e+03, 3.00300000e+03, 4.36800000e+03,\n",
              "        6.18800000e+03, 8.56800000e+03, 1.16280000e+04, 1.55040000e+04,\n",
              "        2.03490000e+04, 2.63340000e+04, 3.36490000e+04, 4.25040000e+04,\n",
              "        5.31300000e+04, 6.57800000e+04, 8.07300000e+04, 9.82800000e+04,\n",
              "        1.18755000e+05, 1.42506000e+05, 1.69911000e+05, 2.01376000e+05,\n",
              "        2.37336000e+05, 2.78256000e+05],\n",
              "       [1.00000000e+00, 7.00000000e+00, 2.80000000e+01, 8.40000000e+01,\n",
              "        2.10000000e+02, 4.62000000e+02, 9.24000000e+02, 1.71600000e+03,\n",
              "        3.00300000e+03, 5.00500000e+03, 8.00800000e+03, 1.23760000e+04,\n",
              "        1.85640000e+04, 2.71320000e+04, 3.87600000e+04, 5.42640000e+04,\n",
              "        7.46130000e+04, 1.00947000e+05, 1.34596000e+05, 1.77100000e+05,\n",
              "        2.30230000e+05, 2.96010000e+05, 3.76740000e+05, 4.75020000e+05,\n",
              "        5.93775000e+05, 7.36281000e+05, 9.06192000e+05, 1.10756800e+06,\n",
              "        1.34490400e+06, 1.62316000e+06],\n",
              "       [1.00000000e+00, 8.00000000e+00, 3.60000000e+01, 1.20000000e+02,\n",
              "        3.30000000e+02, 7.92000000e+02, 1.71600000e+03, 3.43200000e+03,\n",
              "        6.43500000e+03, 1.14400000e+04, 1.94480000e+04, 3.18240000e+04,\n",
              "        5.03880000e+04, 7.75200000e+04, 1.16280000e+05, 1.70544000e+05,\n",
              "        2.45157000e+05, 3.46104000e+05, 4.80700000e+05, 6.57800000e+05,\n",
              "        8.88030000e+05, 1.18404000e+06, 1.56078000e+06, 2.03580000e+06,\n",
              "        2.62957500e+06, 3.36585600e+06, 4.27204800e+06, 5.37961600e+06,\n",
              "        6.72452000e+06, 8.34768000e+06],\n",
              "       [1.00000000e+00, 9.00000000e+00, 4.50000000e+01, 1.65000000e+02,\n",
              "        4.95000000e+02, 1.28700000e+03, 3.00300000e+03, 6.43500000e+03,\n",
              "        1.28700000e+04, 2.43100000e+04, 4.37580000e+04, 7.55820000e+04,\n",
              "        1.25970000e+05, 2.03490000e+05, 3.19770000e+05, 4.90314000e+05,\n",
              "        7.35471000e+05, 1.08157500e+06, 1.56227500e+06, 2.22007500e+06,\n",
              "        3.10810500e+06, 4.29214500e+06, 5.85292500e+06, 7.88872500e+06,\n",
              "        1.05183000e+07, 1.38841560e+07, 1.81562040e+07, 2.35358200e+07,\n",
              "        3.02603400e+07, 3.86080200e+07],\n",
              "       [1.00000000e+00, 1.00000000e+01, 5.50000000e+01, 2.20000000e+02,\n",
              "        7.15000000e+02, 2.00200000e+03, 5.00500000e+03, 1.14400000e+04,\n",
              "        2.43100000e+04, 4.86200000e+04, 9.23780000e+04, 1.67960000e+05,\n",
              "        2.93930000e+05, 4.97420000e+05, 8.17190000e+05, 1.30750400e+06,\n",
              "        2.04297500e+06, 3.12455000e+06, 4.68682500e+06, 6.90690000e+06,\n",
              "        1.00150050e+07, 1.43071500e+07, 2.01600750e+07, 2.80488000e+07,\n",
              "        3.85671000e+07, 5.24512560e+07, 7.06074600e+07, 9.41432800e+07,\n",
              "        1.24403620e+08, 1.63011640e+08],\n",
              "       [1.00000000e+00, 1.10000000e+01, 6.60000000e+01, 2.86000000e+02,\n",
              "        1.00100000e+03, 3.00300000e+03, 8.00800000e+03, 1.94480000e+04,\n",
              "        4.37580000e+04, 9.23780000e+04, 1.84756000e+05, 3.52716000e+05,\n",
              "        6.46646000e+05, 1.14406600e+06, 1.96125600e+06, 3.26876000e+06,\n",
              "        5.31173500e+06, 8.43628500e+06, 1.31231100e+07, 2.00300100e+07,\n",
              "        3.00450150e+07, 4.43521650e+07, 6.45122400e+07, 9.25610400e+07,\n",
              "        1.31128140e+08, 1.83579396e+08, 2.54186856e+08, 3.48330136e+08,\n",
              "        4.72733756e+08, 6.35745396e+08],\n",
              "       [1.00000000e+00, 1.20000000e+01, 7.80000000e+01, 3.64000000e+02,\n",
              "        1.36500000e+03, 4.36800000e+03, 1.23760000e+04, 3.18240000e+04,\n",
              "        7.55820000e+04, 1.67960000e+05, 3.52716000e+05, 7.05432000e+05,\n",
              "        1.35207800e+06, 2.49614400e+06, 4.45740000e+06, 7.72616000e+06,\n",
              "        1.30378950e+07, 2.14741800e+07, 3.45972900e+07, 5.46273000e+07,\n",
              "        8.46723150e+07, 1.29024480e+08, 1.93536720e+08, 2.86097760e+08,\n",
              "        4.17225900e+08, 6.00805296e+08, 8.54992152e+08, 1.20332229e+09,\n",
              "        1.67605604e+09, 2.31180144e+09],\n",
              "       [1.00000000e+00, 1.30000000e+01, 9.10000000e+01, 4.55000000e+02,\n",
              "        1.82000000e+03, 6.18800000e+03, 1.85640000e+04, 5.03880000e+04,\n",
              "        1.25970000e+05, 2.93930000e+05, 6.46646000e+05, 1.35207800e+06,\n",
              "        2.70415600e+06, 5.20030000e+06, 9.65770000e+06, 1.73838600e+07,\n",
              "        3.04217550e+07, 5.18959350e+07, 8.64932250e+07, 1.41120525e+08,\n",
              "        2.25792840e+08, 3.54817320e+08, 5.48354040e+08, 8.34451800e+08,\n",
              "        1.25167770e+09, 1.85248300e+09, 2.70747515e+09, 3.91079744e+09,\n",
              "        5.58685348e+09, 7.89865492e+09],\n",
              "       [1.00000000e+00, 1.40000000e+01, 1.05000000e+02, 5.60000000e+02,\n",
              "        2.38000000e+03, 8.56800000e+03, 2.71320000e+04, 7.75200000e+04,\n",
              "        2.03490000e+05, 4.97420000e+05, 1.14406600e+06, 2.49614400e+06,\n",
              "        5.20030000e+06, 1.04006000e+07, 2.00583000e+07, 3.74421600e+07,\n",
              "        6.78639150e+07, 1.19759850e+08, 2.06253075e+08, 3.47373600e+08,\n",
              "        5.73166440e+08, 9.27983760e+08, 1.47633780e+09, 2.31078960e+09,\n",
              "        3.56246730e+09, 5.41495030e+09, 8.12242544e+09, 1.20332229e+10,\n",
              "        1.76200764e+10, 2.55187313e+10],\n",
              "       [1.00000000e+00, 1.50000000e+01, 1.20000000e+02, 6.80000000e+02,\n",
              "        3.06000000e+03, 1.16280000e+04, 3.87600000e+04, 1.16280000e+05,\n",
              "        3.19770000e+05, 8.17190000e+05, 1.96125600e+06, 4.45740000e+06,\n",
              "        9.65770000e+06, 2.00583000e+07, 4.01166000e+07, 7.75587600e+07,\n",
              "        1.45422675e+08, 2.65182525e+08, 4.71435600e+08, 8.18809200e+08,\n",
              "        1.39197564e+09, 2.31995940e+09, 3.79629720e+09, 6.10708680e+09,\n",
              "        9.66955410e+09, 1.50845044e+10, 2.32069298e+10, 3.52401527e+10,\n",
              "        5.28602291e+10, 7.83789604e+10],\n",
              "       [1.00000000e+00, 1.60000000e+01, 1.36000000e+02, 8.16000000e+02,\n",
              "        3.87600000e+03, 1.55040000e+04, 5.42640000e+04, 1.70544000e+05,\n",
              "        4.90314000e+05, 1.30750400e+06, 3.26876000e+06, 7.72616000e+06,\n",
              "        1.73838600e+07, 3.74421600e+07, 7.75587600e+07, 1.55117520e+08,\n",
              "        3.00540195e+08, 5.65722720e+08, 1.03715832e+09, 1.85596752e+09,\n",
              "        3.24794316e+09, 5.56790256e+09, 9.36419976e+09, 1.54712866e+10,\n",
              "        2.51408407e+10, 4.02253451e+10, 6.34322749e+10, 9.86724276e+10,\n",
              "        1.51532657e+11, 2.29911617e+11],\n",
              "       [1.00000000e+00, 1.70000000e+01, 1.53000000e+02, 9.69000000e+02,\n",
              "        4.84500000e+03, 2.03490000e+04, 7.46130000e+04, 2.45157000e+05,\n",
              "        7.35471000e+05, 2.04297500e+06, 5.31173500e+06, 1.30378950e+07,\n",
              "        3.04217550e+07, 6.78639150e+07, 1.45422675e+08, 3.00540195e+08,\n",
              "        6.01080390e+08, 1.16680311e+09, 2.20396143e+09, 4.05992895e+09,\n",
              "        7.30787211e+09, 1.28757747e+10, 2.22399744e+10, 3.77112610e+10,\n",
              "        6.28521016e+10, 1.03077447e+11, 1.66509722e+11, 2.65182149e+11,\n",
              "        4.16714806e+11, 6.46626423e+11],\n",
              "       [1.00000000e+00, 1.80000000e+01, 1.71000000e+02, 1.14000000e+03,\n",
              "        5.98500000e+03, 2.63340000e+04, 1.00947000e+05, 3.46104000e+05,\n",
              "        1.08157500e+06, 3.12455000e+06, 8.43628500e+06, 2.14741800e+07,\n",
              "        5.18959350e+07, 1.19759850e+08, 2.65182525e+08, 5.65722720e+08,\n",
              "        1.16680311e+09, 2.33360622e+09, 4.53756765e+09, 8.59749660e+09,\n",
              "        1.59053687e+10, 2.87811434e+10, 5.10211178e+10, 8.87323788e+10,\n",
              "        1.51584480e+11, 2.54661927e+11, 4.21171649e+11, 6.86353798e+11,\n",
              "        1.10306860e+12, 1.74969503e+12],\n",
              "       [1.00000000e+00, 1.90000000e+01, 1.90000000e+02, 1.33000000e+03,\n",
              "        7.31500000e+03, 3.36490000e+04, 1.34596000e+05, 4.80700000e+05,\n",
              "        1.56227500e+06, 4.68682500e+06, 1.31231100e+07, 3.45972900e+07,\n",
              "        8.64932250e+07, 2.06253075e+08, 4.71435600e+08, 1.03715832e+09,\n",
              "        2.20396143e+09, 4.53756765e+09, 9.07513530e+09, 1.76726319e+10,\n",
              "        3.35780006e+10, 6.23591440e+10, 1.13380262e+11, 2.02112641e+11,\n",
              "        3.53697121e+11, 6.08359048e+11, 1.02953070e+12, 1.71588449e+12,\n",
              "        2.81895310e+12, 4.56864813e+12],\n",
              "       [1.00000000e+00, 2.00000000e+01, 2.10000000e+02, 1.54000000e+03,\n",
              "        8.85500000e+03, 4.25040000e+04, 1.77100000e+05, 6.57800000e+05,\n",
              "        2.22007500e+06, 6.90690000e+06, 2.00300100e+07, 5.46273000e+07,\n",
              "        1.41120525e+08, 3.47373600e+08, 8.18809200e+08, 1.85596752e+09,\n",
              "        4.05992895e+09, 8.59749660e+09, 1.76726319e+10, 3.53452638e+10,\n",
              "        6.89232644e+10, 1.31282408e+11, 2.44662670e+11, 4.46775311e+11,\n",
              "        8.00472432e+11, 1.40883148e+12, 2.43836218e+12, 4.15424667e+12,\n",
              "        6.97319977e+12, 1.15418479e+13],\n",
              "       [1.00000000e+00, 2.10000000e+01, 2.31000000e+02, 1.77100000e+03,\n",
              "        1.06260000e+04, 5.31300000e+04, 2.30230000e+05, 8.88030000e+05,\n",
              "        3.10810500e+06, 1.00150050e+07, 3.00450150e+07, 8.46723150e+07,\n",
